distortion_model: "non-fisheye"
width: 640
height: 360
D: [-0.378216,0.125342,0.0044652,-0.00128279]
K: [390.657,0.0,343.428,0.0,390.991,184.582,0.0,0.0,1]
